x=-0.1056329761212019,y=0.922885236258518,s=0.000017554364801888843,i=2000
x=-0.855028866942997,y=0.24581286254783669,s=0.0005373084068074974,i=2000
x=-0.9832685389480845,y=0.29833323526685673,s=0.0000000003144401204891649,i=2000 # cool zoom location
